1|116|4
2|56|5
3|7|15
4|63|4
5|121|1
6|38|8
7|69|19
8|77|7
9|76|4
10|4|1
11|65|13
12|92|2
13|133|1
14|22|17
15|38|12
16|78|9
17|134|9
18|19|4
19|116|8
20|19|15
21|29|6
22|90|14
23|66|14
24|87|4
25|46|17
26|91|2
27|66|7
28|52|15
29|133|19
30|122|20
31|105|2
32|20|19
33|91|20
34|83|4
35|59|16
36|57|20
37|36|16
38|53|18
39|40|17
40|106|7
41|80|7
42|41|7
43|122|19
44|37|11
45|10|19
46|131|17
47|118|4
48|36|8
49|37|20
50|109|17
51|129|11
52|118|14
53|59|12
54|134|14
55|66|17
56|6|1
57|21|18
58|121|12
59|106|5
60|51|16
61|4|8
62|101|10
63|53|15
64|23|5
65|78|16
66|117|16
67|1|10
68|58|10
69|58|11
70|75|11
71|36|5
72|20|12
73|32|6
74|1|19
75|124|5
76|18|16
77|81|18
78|90|7
79|96|19
80|25|9
81|11|6
82|102|20
83|32|3
84|58|1
85|120|7
86|105|13
87|60|6
88|9|17
89|95|1
90|58|7
91|65|19
92|32|15
93|133|3
94|61|17
95|15|5
96|4|18
97|17|4
98|14|17
99|71|5
100|31|12
101|132|2
102|72|16
103|123|10
104|44|6
105|84|5
106|5|5
107|36|16
108|128|20
109|131|9
110|42|11
111|63|3
112|117|16
113|59|17
114|97|7
115|97|16
116|17|8
117|50|9
118|117|19
119|67|3
120|36|15
121|82|20
122|97|3
123|2|3
124|56|3
125|7|20
126|19|15
127|8|5
128|111|16
129|112|13
130|116|2
131|90|17
132|1|16
133|27|1
134|127|16
135|126|16
136|68|2
137|51|5
138|101|20
139|98|14
140|127|6
141|127|14
142|99|12
143|84|7
144|20|7
145|78|12
146|44|7
147|23|9
148|108|10
149|12|10
150|93|18
151|122|12
152|48|14
153|100|17
154|133|18
155|76|18
156|70|9
157|53|20
158|38|17
159|4|15
160|69|6
161|37|2
162|94|20
163|52|17
164|104|12
165|121|20
166|33|1
167|1|4
168|59|3
169|55|8
170|99|8
171|134|8
172|127|3
173|119|17
174|74|12
175|117|8
176|47|11
177|134|2
178|23|5
179|13|17
180|23|8
181|81|9
182|79|7
183|88|9
184|9|9
185|89|18
186|1|18
187|124|7
188|37|19
189|55|18
190|55|19
191|10|3
192|123|9
193|46|12
194|51|19
195|64|1
196|35|5
197|119|6
198|52|3
199|35|11
200|91|11
201|95|13
202|95|15
203|19|1
204|32|19
205|98|5
206|23|10
207|13|12
208|37|10
209|71|16
210|36|7
211|106|12
212|22|11
213|14|1
214|16|18
215|81|17
216|15|19
217|89|16
218|130|2
219|33|18
220|43|17
221|25|20
222|115|15
223|60|15
224|52|5
225|118|15
226|63|8
227|127|4
228|18|2
229|127|18
230|25|9
231|124|12
232|123|14
233|88|8
234|49|9
235|90|4
236|120|1
237|49|13
238|37|15
239|135|19
240|126|9
241|71|9
242|107|3
243|37|4
244|66|10
245|90|10
246|52|6
247|92|5
248|64|6
249|9|2
250|127|18
251|87|20
252|48|11
253|8|17
254|107|11
255|131|9
256|8|18
257|103|9
258|52|17
259|19|17
260|98|7
261|93|11
262|73|15
263|87|15
264|105|10
265|135|2
266|1|6
267|28|17
268|15|12
269|105|18
270|15|13
271|55|12
272|70|8
273|73|20
274|48|19
275|106|18
276|81|4
277|2|5
278|61|3
279|15|1
280|3|11
281|133|6
282|96|5
283|112|18
284|90|13
285|22|6
286|117|20
287|9|18
288|18|18
289|136|15
290|8|18
291|39|13
292|8|12
293|83|7
294|55|17
295|107|9
296|59|19
297|35|5
298|5|8
299|115|19
300|39|12
301|77|1
302|131|15
303|88|14
304|66|4
305|57|11
306|78|12
307|17|1
308|31|13
309|98|15
310|54|13
311|75|16
312|3|7
313|115|14
314|1|6
315|19|6
316|43|7
317|70|10
318|116|16
319|2|10
320|118|1
321|98|11
322|55|10
323|109|4
324|62|16
325|48|10
326|60|5
327|26|19
328|16|18
329|45|16
330|117|8
331|23|19
332|17|17
333|39|17
334|56|14
335|27|17
336|114|2
337|22|4
338|44|20
339|82|9
340|100|7
341|46|16
342|92|1
343|88|19
344|23|2
345|38|18
346|66|20
347|26|14
348|66|14
349|70|12
350|31|3
351|111|5
352|46|17
353|62|8
354|94|19
355|119|13
356|109|14
357|92|5
358|66|9
359|10|11
360|3|14
361|27|18
362|98|4
363|39|5
364|59|15
365|94|6
366|56|15
367|72|14
368|39|1
369|131|4
370|4|20
371|83|16
372|94|17
373|75|17
374|94|5
375|70|18
376|37|3
377|33|8
378|131|14
379|3|18
380|92|12
381|23|15
382|9|18
383|136|11
384|119|18
385|111|5
386|108|13
387|10|12
388|36|17
389|36|11
390|28|6
391|54|13
392|125|4
393|8|4
394|42|7
395|125|10
396|48|18
397|131|6
398|76|16
399|42|5
400|108|11
401|126|11
402|78|18
403|18|15
404|121|18
405|56|9
406|40|13
407|100|15
408|31|18
409|116|3
410|76|7
411|5|13
412|22|8
413|31|13
414|30|2
415|128|6
416|50|11
417|126|1
418|48|2
419|20|4
420|114|17
421|45|7
422|36|13
423|129|13
424|59|6
425|11|20
426|75|5
427|56|1
428|24|8
429|105|1
430|28|9
431|96|12
432|34|3
433|128|13
434|67|1
435|132|4
436|56|10
437|99|16
438|107|1
439|13|17
440|81|18
441|16|3
442|71|10
443|106|18
444|21|7
445|88|11
446|33|19
447|15|10
448|41|5
449|129|17
450|100|3
451|59|4
452|79|5
453|12|8
454|79|19
455|109|13
456|69|15
457|94|14
458|66|5
459|18|3
460|6|9
461|39|5
462|82|11
463|34|3
464|113|17
465|116|15
466|45|2
467|32|18
468|104|13
469|97|14
470|112|16
471|26|17
472|74|19
473|37|9
474|48|8
475|90|3
476|17|11
477|63|7
478|13|10
479|106|4
480|90|16
481|29|9
482|6|5
483|30|20
484|113|7
485|82|8
486|106|12
487|95|9
488|46|7
489|113|20
490|110|19
491|46|1
492|79|6
493|63|5
494|114|5
495|36|10
496|73|17
497|12|19
498|99|12
499|125|19
500|20|17
